3
2	8	0	
5	6	4	
7	1	3	
2	8	4	
5	6	0	
7	1	3	
2	8	4	
5	6	3	
7	1	0	
2	8	4	
5	6	3	
7	0	1	
2	8	4	
5	0	3	
7	6	1	
2	8	4	
0	5	3	
7	6	1	
2	8	4	
7	5	3	
0	6	1	
2	8	4	
7	5	3	
6	0	1	
2	8	4	
7	0	3	
6	5	1	
2	8	4	
7	3	0	
6	5	1	
2	8	4	
7	3	1	
6	5	0	
2	8	4	
7	3	1	
6	0	5	
2	8	4	
7	3	1	
0	6	5	
2	8	4	
0	3	1	
7	6	5	
0	8	4	
2	3	1	
7	6	5	
8	0	4	
2	3	1	
7	6	5	
8	3	4	
2	0	1	
7	6	5	
8	3	4	
2	1	0	
7	6	5	
8	3	0	
2	1	4	
7	6	5	
8	0	3	
2	1	4	
7	6	5	
8	1	3	
2	0	4	
7	6	5	
8	1	3	
0	2	4	
7	6	5	
0	1	3	
8	2	4	
7	6	5	
1	0	3	
8	2	4	
7	6	5	
1	2	3	
8	0	4	
7	6	5	
