4
1	2	12	5
13	11	10	15
9	7	14	0
6	8	3	4
1	2	12	5
13	11	10	15
9	7	0	14
6	8	3	4
1	2	12	5
13	11	0	15
9	7	10	14
6	8	3	4
1	2	0	5
13	11	12	15
9	7	10	14
6	8	3	4
1	2	5	0
13	11	12	15
9	7	10	14
6	8	3	4
1	2	5	15
13	11	12	0
9	7	10	14
6	8	3	4
1	2	5	15
13	11	12	14
9	7	10	0
6	8	3	4
1	2	5	15
13	11	12	14
9	7	10	4
6	8	3	0
1	2	5	15
13	11	12	14
9	7	10	4
6	8	0	3
1	2	5	15
13	11	12	14
9	7	0	4
6	8	10	3
1	2	5	15
13	11	12	14
9	0	7	4
6	8	10	3
1	2	5	15
13	11	12	14
9	8	7	4
6	0	10	3
1	2	5	15
13	11	12	14
9	8	7	4
6	10	0	3
1	2	5	15
13	11	12	14
9	8	0	4
6	10	7	3
1	2	5	15
13	11	12	14
9	0	8	4
6	10	7	3
1	2	5	15
13	11	12	14
0	9	8	4
6	10	7	3
1	2	5	15
13	11	12	14
6	9	8	4
0	10	7	3
1	2	5	15
13	11	12	14
6	9	8	4
10	0	7	3
1	2	5	15
13	11	12	14
6	0	8	4
10	9	7	3
1	2	5	15
13	11	12	14
0	6	8	4
10	9	7	3
1	2	5	15
0	11	12	14
13	6	8	4
10	9	7	3
1	2	5	15
11	0	12	14
13	6	8	4
10	9	7	3
1	2	5	15
11	12	0	14
13	6	8	4
10	9	7	3
1	2	5	15
11	12	14	0
13	6	8	4
10	9	7	3
1	2	5	15
11	12	14	4
13	6	8	0
10	9	7	3
1	2	5	15
11	12	14	4
13	6	8	3
10	9	7	0
1	2	5	15
11	12	14	4
13	6	8	3
10	9	0	7
1	2	5	15
11	12	14	4
13	6	0	3
10	9	8	7
1	2	5	15
11	12	14	4
13	0	6	3
10	9	8	7
1	2	5	15
11	12	14	4
0	13	6	3
10	9	8	7
1	2	5	15
0	12	14	4
11	13	6	3
10	9	8	7
1	2	5	15
12	0	14	4
11	13	6	3
10	9	8	7
1	2	5	15
12	14	0	4
11	13	6	3
10	9	8	7
1	2	5	15
12	14	4	0
11	13	6	3
10	9	8	7
1	2	5	0
12	14	4	15
11	13	6	3
10	9	8	7
1	2	0	5
12	14	4	15
11	13	6	3
10	9	8	7
1	2	4	5
12	14	0	15
11	13	6	3
10	9	8	7
1	2	4	5
12	14	15	0
11	13	6	3
10	9	8	7
1	2	4	5
12	14	15	3
11	13	6	0
10	9	8	7
1	2	4	5
12	14	15	3
11	13	0	6
10	9	8	7
1	2	4	5
12	14	0	3
11	13	15	6
10	9	8	7
1	2	4	5
12	14	3	0
11	13	15	6
10	9	8	7
1	2	4	0
12	14	3	5
11	13	15	6
10	9	8	7
1	2	0	4
12	14	3	5
11	13	15	6
10	9	8	7
1	2	3	4
12	14	0	5
11	13	15	6
10	9	8	7
1	2	3	4
12	0	14	5
11	13	15	6
10	9	8	7
1	2	3	4
12	13	14	5
11	0	15	6
10	9	8	7
