4
5	12	13	3	
15	14	7	9	
11	0	6	10	
1	4	8	2	
5	12	13	3	
15	14	7	9	
11	4	6	10	
1	0	8	2	
5	12	13	3	
15	14	7	9	
11	4	6	10	
1	8	0	2	
5	12	13	3	
15	14	7	9	
11	4	6	10	
1	8	2	0	
5	12	13	3	
15	14	7	9	
11	4	6	0	
1	8	2	10	
5	12	13	3	
15	14	7	0	
11	4	6	9	
1	8	2	10	
5	12	13	3	
15	14	0	7	
11	4	6	9	
1	8	2	10	
5	12	13	3	
15	0	14	7	
11	4	6	9	
1	8	2	10	
5	12	13	3	
15	4	14	7	
11	0	6	9	
1	8	2	10	
5	12	13	3	
15	4	14	7	
11	8	6	9	
1	0	2	10	
5	12	13	3	
15	4	14	7	
11	8	6	9	
1	2	0	10	
5	12	13	3	
15	4	14	7	
11	8	6	9	
1	2	10	0	
5	12	13	3	
15	4	14	7	
11	8	6	0	
1	2	10	9	
5	12	13	3	
15	4	14	7	
11	8	0	6	
1	2	10	9	
5	12	13	3	
15	4	14	7	
11	0	8	6	
1	2	10	9	
5	12	13	3	
15	4	14	7	
11	2	8	6	
1	0	10	9	
5	12	13	3	
15	4	14	7	
11	2	8	6	
1	10	0	9	
5	12	13	3	
15	4	14	7	
11	2	0	6	
1	10	8	9	
5	12	13	3	
15	4	0	7	
11	2	14	6	
1	10	8	9	
5	12	13	3	
15	0	4	7	
11	2	14	6	
1	10	8	9	
5	12	13	3	
0	15	4	7	
11	2	14	6	
1	10	8	9	
0	12	13	3	
5	15	4	7	
11	2	14	6	
1	10	8	9	
12	0	13	3	
5	15	4	7	
11	2	14	6	
1	10	8	9	
12	13	0	3	
5	15	4	7	
11	2	14	6	
1	10	8	9	
12	13	4	3	
5	15	0	7	
11	2	14	6	
1	10	8	9	
12	13	4	3	
5	0	15	7	
11	2	14	6	
1	10	8	9	
12	0	4	3	
5	13	15	7	
11	2	14	6	
1	10	8	9	
12	4	0	3	
5	13	15	7	
11	2	14	6	
1	10	8	9	
12	4	3	0	
5	13	15	7	
11	2	14	6	
1	10	8	9	
12	4	3	7	
5	13	15	0	
11	2	14	6	
1	10	8	9	
12	4	3	7	
5	13	0	15	
11	2	14	6	
1	10	8	9	
12	4	3	7	
5	13	14	15	
11	2	0	6	
1	10	8	9	
12	4	3	7	
5	13	14	15	
11	2	8	6	
1	10	0	9	
12	4	3	7	
5	13	14	15	
11	2	8	6	
1	10	9	0	
12	4	3	7	
5	13	14	15	
11	2	8	0	
1	10	9	6	
12	4	3	7	
5	13	14	0	
11	2	8	15	
1	10	9	6	
12	4	3	0	
5	13	14	7	
11	2	8	15	
1	10	9	6	
12	4	0	3	
5	13	14	7	
11	2	8	15	
1	10	9	6	
12	0	4	3	
5	13	14	7	
11	2	8	15	
1	10	9	6	
12	13	4	3	
5	0	14	7	
11	2	8	15	
1	10	9	6	
12	13	4	3	
5	2	14	7	
11	0	8	15	
1	10	9	6	
12	13	4	3	
5	2	14	7	
11	10	8	15	
1	0	9	6	
12	13	4	3	
5	2	14	7	
11	10	8	15	
1	9	0	6	
12	13	4	3	
5	2	14	7	
11	10	0	15	
1	9	8	6	
12	13	4	3	
5	2	0	7	
11	10	14	15	
1	9	8	6	
12	13	4	3	
5	2	7	0	
11	10	14	15	
1	9	8	6	
12	13	4	3	
5	2	7	15	
11	10	14	0	
1	9	8	6	
12	13	4	3	
5	2	7	15	
11	10	14	6	
1	9	8	0	
12	13	4	3	
5	2	7	15	
11	10	14	6	
1	9	0	8	
12	13	4	3	
5	2	7	15	
11	10	0	6	
1	9	14	8	
12	13	4	3	
5	2	7	15	
11	0	10	6	
1	9	14	8	
12	13	4	3	
5	0	7	15	
11	2	10	6	
1	9	14	8	
12	0	4	3	
5	13	7	15	
11	2	10	6	
1	9	14	8	
12	4	0	3	
5	13	7	15	
11	2	10	6	
1	9	14	8	
12	4	3	0	
5	13	7	15	
11	2	10	6	
1	9	14	8	
12	4	3	15	
5	13	7	0	
11	2	10	6	
1	9	14	8	
12	4	3	15	
5	13	0	7	
11	2	10	6	
1	9	14	8	
12	4	3	15	
5	13	10	7	
11	2	0	6	
1	9	14	8	
12	4	3	15	
5	13	10	7	
11	2	14	6	
1	9	0	8	
12	4	3	15	
5	13	10	7	
11	2	14	6	
1	9	8	0	
12	4	3	15	
5	13	10	7	
11	2	14	0	
1	9	8	6	
12	4	3	15	
5	13	10	0	
11	2	14	7	
1	9	8	6	
12	4	3	0	
5	13	10	15	
11	2	14	7	
1	9	8	6	
12	4	0	3	
5	13	10	15	
11	2	14	7	
1	9	8	6	
12	0	4	3	
5	13	10	15	
11	2	14	7	
1	9	8	6	
12	13	4	3	
5	0	10	15	
11	2	14	7	
1	9	8	6	
12	13	4	3	
5	2	10	15	
11	0	14	7	
1	9	8	6	
12	13	4	3	
5	2	10	15	
11	9	14	7	
1	0	8	6	
12	13	4	3	
5	2	10	15	
11	9	14	7	
1	8	0	6	
12	13	4	3	
5	2	10	15	
11	9	14	7	
1	8	6	0	
12	13	4	3	
5	2	10	15	
11	9	14	0	
1	8	6	7	
12	13	4	3	
5	2	10	0	
11	9	14	15	
1	8	6	7	
12	13	4	3	
5	2	0	10	
11	9	14	15	
1	8	6	7	
12	13	4	3	
5	2	14	10	
11	9	0	15	
1	8	6	7	
12	13	4	3	
5	2	14	10	
11	9	15	0	
1	8	6	7	
12	13	4	3	
5	2	14	0	
11	9	15	10	
1	8	6	7	
12	13	4	3	
5	2	0	14	
11	9	15	10	
1	8	6	7	
12	13	0	3	
5	2	4	14	
11	9	15	10	
1	8	6	7	
12	13	3	0	
5	2	4	14	
11	9	15	10	
1	8	6	7	
12	13	3	14	
5	2	4	0	
11	9	15	10	
1	8	6	7	
12	13	3	14	
5	2	0	4	
11	9	15	10	
1	8	6	7	
12	13	3	14	
5	2	15	4	
11	9	0	10	
1	8	6	7	
12	13	3	14	
5	2	15	4	
11	9	6	10	
1	8	0	7	
12	13	3	14	
5	2	15	4	
11	9	6	10	
1	0	8	7	
12	13	3	14	
5	2	15	4	
11	0	6	10	
1	9	8	7	
12	13	3	14	
5	2	15	4	
11	6	0	10	
1	9	8	7	
12	13	3	14	
5	2	0	4	
11	6	15	10	
1	9	8	7	
12	13	3	14	
5	2	4	0	
11	6	15	10	
1	9	8	7	
12	13	3	0	
5	2	4	14	
11	6	15	10	
1	9	8	7	
12	13	0	3	
5	2	4	14	
11	6	15	10	
1	9	8	7	
12	0	13	3	
5	2	4	14	
11	6	15	10	
1	9	8	7	
12	2	13	3	
5	0	4	14	
11	6	15	10	
1	9	8	7	
12	2	13	3	
0	5	4	14	
11	6	15	10	
1	9	8	7	
0	2	13	3	
12	5	4	14	
11	6	15	10	
1	9	8	7	
2	0	13	3	
12	5	4	14	
11	6	15	10	
1	9	8	7	
2	13	0	3	
12	5	4	14	
11	6	15	10	
1	9	8	7	
2	13	4	3	
12	5	0	14	
11	6	15	10	
1	9	8	7	
2	13	4	3	
12	0	5	14	
11	6	15	10	
1	9	8	7	
2	0	4	3	
12	13	5	14	
11	6	15	10	
1	9	8	7	
0	2	4	3	
12	13	5	14	
11	6	15	10	
1	9	8	7	
12	2	4	3	
0	13	5	14	
11	6	15	10	
1	9	8	7	
12	2	4	3	
13	0	5	14	
11	6	15	10	
1	9	8	7	
12	2	4	3	
13	5	0	14	
11	6	15	10	
1	9	8	7	
12	2	4	3	
13	5	14	0	
11	6	15	10	
1	9	8	7	
12	2	4	3	
13	5	14	10	
11	6	15	0	
1	9	8	7	
12	2	4	3	
13	5	14	10	
11	6	0	15	
1	9	8	7	
12	2	4	3	
13	5	14	10	
11	0	6	15	
1	9	8	7	
12	2	4	3	
13	5	14	10	
11	9	6	15	
1	0	8	7	
12	2	4	3	
13	5	14	10	
11	9	6	15	
1	8	0	7	
12	2	4	3	
13	5	14	10	
11	9	6	15	
1	8	7	0	
12	2	4	3	
13	5	14	10	
11	9	6	0	
1	8	7	15	
12	2	4	3	
13	5	14	10	
11	9	0	6	
1	8	7	15	
12	2	4	3	
13	5	14	10	
11	9	7	6	
1	8	0	15	
12	2	4	3	
13	5	14	10	
11	9	7	6	
1	8	15	0	
12	2	4	3	
13	5	14	10	
11	9	7	0	
1	8	15	6	
12	2	4	3	
13	5	14	10	
11	9	0	7	
1	8	15	6	
12	2	4	3	
13	5	14	10	
11	9	15	7	
1	8	0	6	
12	2	4	3	
13	5	14	10	
11	9	15	7	
1	0	8	6	
12	2	4	3	
13	5	14	10	
11	0	15	7	
1	9	8	6	
12	2	4	3	
13	5	14	10	
11	15	0	7	
1	9	8	6	
12	2	4	3	
13	5	14	10	
11	15	7	0	
1	9	8	6	
12	2	4	3	
13	5	14	10	
11	15	7	6	
1	9	8	0	
12	2	4	3	
13	5	14	10	
11	15	7	6	
1	9	0	8	
12	2	4	3	
13	5	14	10	
11	15	0	6	
1	9	7	8	
12	2	4	3	
13	5	14	10	
11	0	15	6	
1	9	7	8	
12	2	4	3	
13	5	14	10	
11	9	15	6	
1	0	7	8	
12	2	4	3	
13	5	14	10	
11	9	15	6	
1	7	0	8	
12	2	4	3	
13	5	14	10	
11	9	15	6	
1	7	8	0	
12	2	4	3	
13	5	14	10	
11	9	15	0	
1	7	8	6	
12	2	4	3	
13	5	14	0	
11	9	15	10	
1	7	8	6	
12	2	4	3	
13	5	0	14	
11	9	15	10	
1	7	8	6	
12	2	4	3	
13	0	5	14	
11	9	15	10	
1	7	8	6	
12	2	4	3	
0	13	5	14	
11	9	15	10	
1	7	8	6	
0	2	4	3	
12	13	5	14	
11	9	15	10	
1	7	8	6	
2	0	4	3	
12	13	5	14	
11	9	15	10	
1	7	8	6	
2	4	0	3	
12	13	5	14	
11	9	15	10	
1	7	8	6	
2	4	3	0	
12	13	5	14	
11	9	15	10	
1	7	8	6	
2	4	3	14	
12	13	5	0	
11	9	15	10	
1	7	8	6	
2	4	3	14	
12	13	0	5	
11	9	15	10	
1	7	8	6	
2	4	3	14	
12	13	15	5	
11	9	0	10	
1	7	8	6	
2	4	3	14	
12	13	15	5	
11	9	10	0	
1	7	8	6	
2	4	3	14	
12	13	15	5	
11	9	10	6	
1	7	8	0	
2	4	3	14	
12	13	15	5	
11	9	10	6	
1	7	0	8	
2	4	3	14	
12	13	15	5	
11	9	0	6	
1	7	10	8	
2	4	3	14	
12	13	0	5	
11	9	15	6	
1	7	10	8	
2	4	3	14	
12	13	5	0	
11	9	15	6	
1	7	10	8	
2	4	3	0	
12	13	5	14	
11	9	15	6	
1	7	10	8	
2	4	0	3	
12	13	5	14	
11	9	15	6	
1	7	10	8	
2	0	4	3	
12	13	5	14	
11	9	15	6	
1	7	10	8	
0	2	4	3	
12	13	5	14	
11	9	15	6	
1	7	10	8	
12	2	4	3	
0	13	5	14	
11	9	15	6	
1	7	10	8	
12	2	4	3	
13	0	5	14	
11	9	15	6	
1	7	10	8	
12	2	4	3	
13	5	0	14	
11	9	15	6	
1	7	10	8	
12	2	4	3	
13	5	14	0	
11	9	15	6	
1	7	10	8	
12	2	4	3	
13	5	14	6	
11	9	15	0	
1	7	10	8	
12	2	4	3	
13	5	14	6	
11	9	0	15	
1	7	10	8	
12	2	4	3	
13	5	0	6	
11	9	14	15	
1	7	10	8	
12	2	4	3	
13	0	5	6	
11	9	14	15	
1	7	10	8	
12	2	4	3	
0	13	5	6	
11	9	14	15	
1	7	10	8	
0	2	4	3	
12	13	5	6	
11	9	14	15	
1	7	10	8	
2	0	4	3	
12	13	5	6	
11	9	14	15	
1	7	10	8	
2	4	0	3	
12	13	5	6	
11	9	14	15	
1	7	10	8	
2	4	3	0	
12	13	5	6	
11	9	14	15	
1	7	10	8	
2	4	3	6	
12	13	5	0	
11	9	14	15	
1	7	10	8	
2	4	3	6	
12	13	0	5	
11	9	14	15	
1	7	10	8	
2	4	3	6	
12	13	14	5	
11	9	0	15	
1	7	10	8	
2	4	3	6	
12	13	14	5	
11	9	15	0	
1	7	10	8	
2	4	3	6	
12	13	14	5	
11	9	15	8	
1	7	10	0	
2	4	3	6	
12	13	14	5	
11	9	15	8	
1	7	0	10	
2	4	3	6	
12	13	14	5	
11	9	15	8	
1	0	7	10	
2	4	3	6	
12	13	14	5	
11	0	15	8	
1	9	7	10	
2	4	3	6	
12	13	14	5	
11	15	0	8	
1	9	7	10	
2	4	3	6	
12	13	14	5	
11	15	8	0	
1	9	7	10	
2	4	3	6	
12	13	14	5	
11	15	8	10	
1	9	7	0	
2	4	3	6	
12	13	14	5	
11	15	8	10	
1	9	0	7	
2	4	3	6	
12	13	14	5	
11	15	0	10	
1	9	8	7	
2	4	3	6	
12	13	14	5	
11	15	10	0	
1	9	8	7	
2	4	3	6	
12	13	14	5	
11	15	10	7	
1	9	8	0	
2	4	3	6	
12	13	14	5	
11	15	10	7	
1	9	0	8	
2	4	3	6	
12	13	14	5	
11	15	0	7	
1	9	10	8	
2	4	3	6	
12	13	14	5	
11	0	15	7	
1	9	10	8	
2	4	3	6	
12	13	14	5	
11	9	15	7	
1	0	10	8	
2	4	3	6	
12	13	14	5	
11	9	15	7	
0	1	10	8	
2	4	3	6	
12	13	14	5	
0	9	15	7	
11	1	10	8	
2	4	3	6	
12	13	14	5	
9	0	15	7	
11	1	10	8	
2	4	3	6	
12	13	14	5	
9	1	15	7	
11	0	10	8	
2	4	3	6	
12	13	14	5	
9	1	15	7	
11	10	0	8	
2	4	3	6	
12	13	14	5	
9	1	15	7	
11	10	8	0	
2	4	3	6	
12	13	14	5	
9	1	15	0	
11	10	8	7	
2	4	3	6	
12	13	14	5	
9	1	0	15	
11	10	8	7	
2	4	3	6	
12	13	0	5	
9	1	14	15	
11	10	8	7	
2	4	3	6	
12	13	5	0	
9	1	14	15	
11	10	8	7	
2	4	3	0	
12	13	5	6	
9	1	14	15	
11	10	8	7	
2	4	0	3	
12	13	5	6	
9	1	14	15	
11	10	8	7	
2	0	4	3	
12	13	5	6	
9	1	14	15	
11	10	8	7	
0	2	4	3	
12	13	5	6	
9	1	14	15	
11	10	8	7	
12	2	4	3	
0	13	5	6	
9	1	14	15	
11	10	8	7	
12	2	4	3	
13	0	5	6	
9	1	14	15	
11	10	8	7	
12	2	4	3	
13	1	5	6	
9	0	14	15	
11	10	8	7	
12	2	4	3	
13	1	5	6	
0	9	14	15	
11	10	8	7	
12	2	4	3	
13	1	5	6	
11	9	14	15	
0	10	8	7	
12	2	4	3	
13	1	5	6	
11	9	14	15	
10	0	8	7	
12	2	4	3	
13	1	5	6	
11	0	14	15	
10	9	8	7	
12	2	4	3	
13	1	5	6	
11	14	0	15	
10	9	8	7	
12	2	4	3	
13	1	5	6	
11	14	15	0	
10	9	8	7	
12	2	4	3	
13	1	5	0	
11	14	15	6	
10	9	8	7	
12	2	4	3	
13	1	0	5	
11	14	15	6	
10	9	8	7	
12	2	4	3	
13	1	15	5	
11	14	0	6	
10	9	8	7	
12	2	4	3	
13	1	15	5	
11	0	14	6	
10	9	8	7	
12	2	4	3	
13	1	15	5	
11	9	14	6	
10	0	8	7	
12	2	4	3	
13	1	15	5	
11	9	14	6	
10	8	0	7	
12	2	4	3	
13	1	15	5	
11	9	14	6	
10	8	7	0	
12	2	4	3	
13	1	15	5	
11	9	14	0	
10	8	7	6	
12	2	4	3	
13	1	15	5	
11	9	0	14	
10	8	7	6	
12	2	4	3	
13	1	0	5	
11	9	15	14	
10	8	7	6	
12	2	4	3	
13	1	5	0	
11	9	15	14	
10	8	7	6	
12	2	4	3	
13	1	5	14	
11	9	15	0	
10	8	7	6	
12	2	4	3	
13	1	5	14	
11	9	15	6	
10	8	7	0	
12	2	4	3	
13	1	5	14	
11	9	15	6	
10	8	0	7	
12	2	4	3	
13	1	5	14	
11	9	15	6	
10	0	8	7	
12	2	4	3	
13	1	5	14	
11	0	15	6	
10	9	8	7	
12	2	4	3	
13	1	5	14	
11	15	0	6	
10	9	8	7	
12	2	4	3	
13	1	5	14	
11	15	6	0	
10	9	8	7	
12	2	4	3	
13	1	5	14	
11	15	6	7	
10	9	8	0	
12	2	4	3	
13	1	5	14	
11	15	6	7	
10	9	0	8	
12	2	4	3	
13	1	5	14	
11	15	0	7	
10	9	6	8	
12	2	4	3	
13	1	5	14	
11	0	15	7	
10	9	6	8	
12	2	4	3	
13	1	5	14	
11	9	15	7	
10	0	6	8	
12	2	4	3	
13	1	5	14	
11	9	15	7	
10	6	0	8	
12	2	4	3	
13	1	5	14	
11	9	15	7	
10	6	8	0	
12	2	4	3	
13	1	5	14	
11	9	15	0	
10	6	8	7	
12	2	4	3	
13	1	5	14	
11	9	0	15	
10	6	8	7	
12	2	4	3	
13	1	0	14	
11	9	5	15	
10	6	8	7	
12	2	4	3	
13	1	14	0	
11	9	5	15	
10	6	8	7	
12	2	4	3	
13	1	14	15	
11	9	5	0	
10	6	8	7	
12	2	4	3	
13	1	14	15	
11	9	0	5	
10	6	8	7	
12	2	4	3	
13	1	14	15	
11	9	8	5	
10	6	0	7	
12	2	4	3	
13	1	14	15	
11	9	8	5	
10	0	6	7	
12	2	4	3	
13	1	14	15	
11	0	8	5	
10	9	6	7	
12	2	4	3	
13	1	14	15	
11	8	0	5	
10	9	6	7	
12	2	4	3	
13	1	14	15	
11	8	6	5	
10	9	0	7	
12	2	4	3	
13	1	14	15	
11	8	6	5	
10	9	7	0	
12	2	4	3	
13	1	14	15	
11	8	6	0	
10	9	7	5	
12	2	4	3	
13	1	14	15	
11	8	0	6	
10	9	7	5	
12	2	4	3	
13	1	14	15	
11	0	8	6	
10	9	7	5	
12	2	4	3	
13	1	14	15	
11	9	8	6	
10	0	7	5	
12	2	4	3	
13	1	14	15	
11	9	8	6	
10	7	0	5	
12	2	4	3	
13	1	14	15	
11	9	0	6	
10	7	8	5	
12	2	4	3	
13	1	14	15	
11	9	6	0	
10	7	8	5	
12	2	4	3	
13	1	14	15	
11	9	6	5	
10	7	8	0	
12	2	4	3	
13	1	14	15	
11	9	6	5	
10	7	0	8	
12	2	4	3	
13	1	14	15	
11	9	6	5	
10	0	7	8	
12	2	4	3	
13	1	14	15	
11	0	6	5	
10	9	7	8	
12	2	4	3	
13	1	14	15	
11	6	0	5	
10	9	7	8	
12	2	4	3	
13	1	14	15	
11	6	5	0	
10	9	7	8	
12	2	4	3	
13	1	14	0	
11	6	5	15	
10	9	7	8	
12	2	4	0	
13	1	14	3	
11	6	5	15	
10	9	7	8	
12	2	0	4	
13	1	14	3	
11	6	5	15	
10	9	7	8	
12	2	14	4	
13	1	0	3	
11	6	5	15	
10	9	7	8	
12	2	14	4	
13	1	5	3	
11	6	0	15	
10	9	7	8	
12	2	14	4	
13	1	5	3	
11	0	6	15	
10	9	7	8	
12	2	14	4	
13	1	5	3	
11	9	6	15	
10	0	7	8	
12	2	14	4	
13	1	5	3	
11	9	6	15	
10	7	0	8	
12	2	14	4	
13	1	5	3	
11	9	6	15	
10	7	8	0	
12	2	14	4	
13	1	5	3	
11	9	6	0	
10	7	8	15	
12	2	14	4	
13	1	5	3	
11	9	0	6	
10	7	8	15	
12	2	14	4	
13	1	5	3	
11	9	8	6	
10	7	0	15	
12	2	14	4	
13	1	5	3	
11	9	8	6	
10	7	15	0	
12	2	14	4	
13	1	5	3	
11	9	8	0	
10	7	15	6	
12	2	14	4	
13	1	5	3	
11	9	0	8	
10	7	15	6	
12	2	14	4	
13	1	5	3	
11	9	15	8	
10	7	0	6	
12	2	14	4	
13	1	5	3	
11	9	15	8	
10	0	7	6	
12	2	14	4	
13	1	5	3	
11	0	15	8	
10	9	7	6	
12	2	14	4	
13	1	5	3	
11	15	0	8	
10	9	7	6	
12	2	14	4	
13	1	5	3	
11	15	8	0	
10	9	7	6	
12	2	14	4	
13	1	5	3	
11	15	8	6	
10	9	7	0	
12	2	14	4	
13	1	5	3	
11	15	8	6	
10	9	0	7	
12	2	14	4	
13	1	5	3	
11	15	0	6	
10	9	8	7	
12	2	14	4	
13	1	5	3	
11	0	15	6	
10	9	8	7	
12	2	14	4	
13	1	5	3	
11	9	15	6	
10	0	8	7	
12	2	14	4	
13	1	5	3	
11	9	15	6	
10	8	0	7	
12	2	14	4	
13	1	5	3	
11	9	15	6	
10	8	7	0	
12	2	14	4	
13	1	5	3	
11	9	15	0	
10	8	7	6	
12	2	14	4	
13	1	5	0	
11	9	15	3	
10	8	7	6	
12	2	14	4	
13	1	0	5	
11	9	15	3	
10	8	7	6	
12	2	0	4	
13	1	14	5	
11	9	15	3	
10	8	7	6	
12	2	4	0	
13	1	14	5	
11	9	15	3	
10	8	7	6	
12	2	4	5	
13	1	14	0	
11	9	15	3	
10	8	7	6	
12	2	4	5	
13	1	14	3	
11	9	15	0	
10	8	7	6	
12	2	4	5	
13	1	14	3	
11	9	15	6	
10	8	7	0	
12	2	4	5	
13	1	14	3	
11	9	15	6	
10	8	0	7	
12	2	4	5	
13	1	14	3	
11	9	15	6	
10	0	8	7	
12	2	4	5	
13	1	14	3	
11	0	15	6	
10	9	8	7	
12	2	4	5	
13	1	14	3	
11	15	0	6	
10	9	8	7	
12	2	4	5	
13	1	14	3	
11	15	6	0	
10	9	8	7	
12	2	4	5	
13	1	14	3	
11	15	6	7	
10	9	8	0	
12	2	4	5	
13	1	14	3	
11	15	6	7	
10	9	0	8	
12	2	4	5	
13	1	14	3	
11	15	0	7	
10	9	6	8	
12	2	4	5	
13	1	14	3	
11	0	15	7	
10	9	6	8	
12	2	4	5	
13	1	14	3	
11	9	15	7	
10	0	6	8	
12	2	4	5	
13	1	14	3	
11	9	15	7	
10	6	0	8	
12	2	4	5	
13	1	14	3	
11	9	15	7	
10	6	8	0	
12	2	4	5	
13	1	14	3	
11	9	15	0	
10	6	8	7	
12	2	4	5	
13	1	14	3	
11	9	0	15	
10	6	8	7	
12	2	4	5	
13	1	0	3	
11	9	14	15	
10	6	8	7	
12	2	4	5	
13	1	3	0	
11	9	14	15	
10	6	8	7	
12	2	4	0	
13	1	3	5	
11	9	14	15	
10	6	8	7	
12	2	0	4	
13	1	3	5	
11	9	14	15	
10	6	8	7	
12	0	2	4	
13	1	3	5	
11	9	14	15	
10	6	8	7	
12	1	2	4	
13	0	3	5	
11	9	14	15	
10	6	8	7	
12	1	2	4	
0	13	3	5	
11	9	14	15	
10	6	8	7	
0	1	2	4	
12	13	3	5	
11	9	14	15	
10	6	8	7	
1	0	2	4	
12	13	3	5	
11	9	14	15	
10	6	8	7	
1	2	0	4	
12	13	3	5	
11	9	14	15	
10	6	8	7	
1	2	3	4	
12	13	0	5	
11	9	14	15	
10	6	8	7	
1	2	3	4	
12	13	14	5	
11	9	0	15	
10	6	8	7	
1	2	3	4	
12	13	14	5	
11	9	15	0	
10	6	8	7	
1	2	3	4	
12	13	14	5	
11	9	15	7	
10	6	8	0	
1	2	3	4	
12	13	14	5	
11	9	15	7	
10	6	0	8	
1	2	3	4	
12	13	14	5	
11	9	15	7	
10	0	6	8	
1	2	3	4	
12	13	14	5	
11	0	15	7	
10	9	6	8	
1	2	3	4	
12	13	14	5	
11	15	0	7	
10	9	6	8	
1	2	3	4	
12	13	14	5	
11	15	6	7	
10	9	0	8	
1	2	3	4	
12	13	14	5	
11	15	6	7	
10	9	8	0	
1	2	3	4	
12	13	14	5	
11	15	6	0	
10	9	8	7	
1	2	3	4	
12	13	14	5	
11	15	0	6	
10	9	8	7	
1	2	3	4	
12	13	14	5	
11	0	15	6	
10	9	8	7	
