3
4	6	2	
5	1	7	
3	8	0	
4	6	2	
5	1	7	
3	0	8	
4	6	2	
5	0	7	
3	1	8	
4	6	2	
0	5	7	
3	1	8	
4	6	2	
3	5	7	
0	1	8	
4	6	2	
3	5	7	
1	0	8	
4	6	2	
3	5	7	
1	8	0	
4	6	2	
3	5	0	
1	8	7	
4	6	2	
3	0	5	
1	8	7	
4	6	2	
0	3	5	
1	8	7	
4	6	2	
1	3	5	
0	8	7	
4	6	2	
1	3	5	
8	0	7	
4	6	2	
1	3	5	
8	7	0	
4	6	2	
1	3	0	
8	7	5	
4	6	2	
1	0	3	
8	7	5	
4	0	2	
1	6	3	
8	7	5	
0	4	2	
1	6	3	
8	7	5	
1	4	2	
0	6	3	
8	7	5	
1	4	2	
8	6	3	
0	7	5	
1	4	2	
8	6	3	
7	0	5	
1	4	2	
8	0	3	
7	6	5	
1	0	2	
8	4	3	
7	6	5	
1	2	0	
8	4	3	
7	6	5	
1	2	3	
8	4	0	
7	6	5	
1	2	3	
8	0	4	
7	6	5	
